P0 = 315.022003, 188.766998, -275.449005, 61.006001 /R
P1 = 288.296997, 386.829987, -2.000000, 92.931999 /R
P2 = 110.147003, 386.902008, -2.000000, 92.805000 /R  
P3 = 110.147476, 386.902344, -260.128723, 92.804810
P4 = 130.147003, 386.902008, -230.128998, 92.805000 /R  
P5 = 288.296997, 386.829987, -2.000000, 92.931999 /L  
P6 = 130.147476, 386.902344, -260.128723, 92.804810
P7 = 127.601997, 386.919006, -260.002991, 93.054001 /R  
P10 = 12.278234, -20.090195, 0.000000, -3.490700
P11 = -19.263138, -18.166182, 0.000000, 176.509308
P12 = 11.952989, -6.696761, 0.000000, -3.192909
P15 = 95.147003, 426.902008, -260.128998, 92.805000 /R  
P16 = 143.684265, 411.790070, -259.905609, -87.189919
P18 = -231.703003, 386.829987, -2.000000, -87.068001 /R
P20 = -401.216858, -342.107635, -92.662758, -86.803886
P21 = -401.217010, -342.108002, -87.662003, -86.804001 /R
P22 = -421.217010, -342.108002, -17.662001, -86.804001 /R  
P23 = -421.217010, -342.108002, -87.662003, -86.804001 /R  
P24 = -401.217010, -338.208008, -87.662003, -86.804001 /R  
P25 = 85.147003, 346.902008, -260.128998, 92.805000 /R  
P26 = 145.763000, 356.975800, -259.908844, 92.800415
P27 = 145.763000, 346.976013, -259.908997, 92.800003 /R  
P28 = -365.688995, 331.302002, -4.036000, -87.068001 /R  
P30 = -398.440002, -344.803009, -83.033997, -86.946999 /R  
P34 = 45.652920, 451.401245, -309.376007, -1.138747
P35 = -69.128998, 386.713989, -309.623993, -0.721000 /R
P36 = 44.424000, 319.341003, -309.479004, -1.118000 /R
P38 = -421.217010, 197.315994, -6.072000, -86.804001 /R  
P41 = 45.809467, 451.372620, -290.413452, 0.000000   
P42 = -68.987999, 386.696991, -290.621002, 0.000000 /R  
P43 = 44.535999, 319.260986, -290.050995, 0.000000 /R  
P44 = 45.349339, 451.495667, -185.413452, 0.000000   
P45 = -69.348999, 386.766998, -185.621002, 0.000000 /R  
P46 = 44.250999, 319.446991, -185.050995, 0.000000 /R  
P49 = 124.555000, 436.902008, -192.376007, 183.492004 /R  
P50 = 103.480003, 451.488007, -192.376007, 180.000000 /R  
P51 = 86.869003, 492.160004, -192.376007, 224.429993 /R  
P52 = 46.534000, 509.575989, -192.376007, 268.860992 /R  
P53 = 45.928001, 479.082001, -192.376007, 268.860992 /R  
P56 = 144.917068, 402.205322, -260.130219, 89.314110   
P60 = 30.652920, 416.401245, -174.376007, 90.000000   
P66 = 45.380001, 478.488007, -184.376007, -90.000000 /R  
P70 = 20.274000, 437.484009, -192.102997, 388.748993 /R  
P71 = 19.315001, 436.550995, -192.102997, 373.748993 /R  
P72 = 18.146999, 435.898010, -192.102997, 358.748993 /R  
P73 = 8.149000, 436.115997, -192.102997, 358.748993 /R  
P80 = 360.675995, 368.438995, -61.393002, 154.139008 /R  
P81 = 369.423004, 363.592010, -61.393002, 154.139008 /R  
P82 = 367.946991, 381.558990, -61.393002, 154.139008 /R  
P86 = 129.602814, 387.768555, -260.067413, 92.813377   
